%YAML:1.0
---
aruco_bc_dict: ALL_DICTS
aruco_bc_nmarkers: 2
aruco_bc_mInfoType: 1
aruco_bc_markers:
   - { id:0, corners:[ [ -2.5000000000000000e-01, 2.5000000000000000e-01,
       0. ], [ 2.5000000000000000e-01, 2.5000000000000000e-01, 0. ], [
       2.5000000000000000e-01, -2.5000000000000000e-01, 0. ], [
       -2.5000000000000000e-01, -2.5000000000000000e-01, 0. ] ] }
   - { id:6, corners:[ [ 7.5073289871215820e-01, 2.4994015693664551e-01,
       9.9043063819408417e-03 ], [ 1.2503633499145508e+00,
       2.4888886511325836e-01, 2.9097490012645721e-02 ], [
       1.2496547698974609e+00, -2.5103074312210083e-01,
       2.0159577950835228e-02 ], [ 7.5002437829971313e-01,
       -2.4997945129871368e-01, 9.6639525145292282e-04 ] ] }
