%YAML:1.0
---
aruco_bc_dict: ALL_DICTS
aruco_bc_nmarkers: 2
aruco_bc_mInfoType: 1
aruco_bc_markers:
   - { id:0, corners:[ [ -5.0000000745058060e-02, 5.0000000745058060e-02,
       0. ], [ 5.0000000745058060e-02, 5.0000000745058060e-02, 0. ], [
       5.0000000745058060e-02, -5.0000000745058060e-02, 0. ], [
       -5.0000000745058060e-02, -5.0000000745058060e-02, 0. ] ] }
   - { id:6, corners:[ [ 1.5033763647079468e-01, 5.0014697015285492e-02,
       2.4906662292778492e-03 ], [ 2.5023615360260010e-01,
       4.9617066979408264e-02, 6.9774352014064789e-03 ], [
       2.4990186095237732e-01, -5.0372317433357239e-02,
       5.5593433789908886e-03 ], [ 1.5000334382057190e-01,
       -4.9974687397480011e-02, 1.0725744068622589e-03 ] ] }
