%YAML:1.0
---
image_width: 640
image_height: 480
camera_matrix: !!opencv-matrix
   rows: 3
   cols: 3
   dt: f
   data: [ 3.81362457e+02, 0., 3.20500000e+02, 0., 3.81362457e+02,
       2.40500000e+02, 0., 0., 1. ]
distortion_coefficients: !!opencv-matrix
   rows: 1
   cols: 5
   dt: f
   data: [ -1.15208295e-05, -9.16334375e-06, -6.11003679e-06,
       3.92860711e-05, -6.31615922e-06 ]
