%YAML:1.0
---
aruco_bc_dict: ALL_DICTS
aruco_bc_nmarkers: 10
aruco_bc_mInfoType: 1
aruco_bc_markers:
   - { id:0, corners:[ [ -5.4047077894210815e-01, 1.9323062896728516e-01,
       6.8113846778869629e+00 ], [ -1.3724477291107178e+00,
       1.9069406390190125e-01, 6.2565803527832031e+00 ], [
       -1.3732769489288330e+00, -8.0928874015808105e-01,
       6.2623953819274902e+00 ], [ -5.4129993915557861e-01,
       -8.0675220489501953e-01, 6.8171997070312500e+00 ] ] }
   - { id:1, corners:[ [ -4.0295338630676270e+00, 2.0173028111457825e-01,
       4.5235834121704102e+00 ], [ -3.6963315010070801e+00,
       2.0096039772033691e-01, 3.5807282924652100e+00 ], [
       -3.6788463592529297e+00, -7.9886233806610107e-01,
       3.5877237319946289e+00 ], [ -4.0120487213134766e+00,
       -7.9809242486953735e-01, 4.5305786132812500e+00 ] ] }
   - { id:2, corners:[ [ -6.8062669038772583e-01,
       -2.9204571247100830e-01, 1.7127091884613037e+00 ], [
       -1.3048007488250732e+00, -2.9074883460998535e-01,
       2.4939935207366943e+00 ], [ -1.3071558475494385e+00,
       7.0924210548400879e-01, 2.4904520511627197e+00 ], [
       -6.8298184871673584e-01, 7.0794522762298584e-01,
       1.7091677188873291e+00 ] ] }
   - { id:3, corners:[ [ -6.4824256896972656e+00, 1.5520086884498596e-01,
       1.8167365789413452e+00 ], [ -6.0848741531372070e+00,
       1.5314856171607971e-01, 8.9915895462036133e-01 ], [
       -6.0592803955078125e+00, -8.4643507003784180e-01,
       9.1248357295989990e-01 ], [ -6.4568319320678711e+00,
       -8.4438276290893555e-01, 1.8300611972808838e+00 ] ] }
   - { id:4, corners:[ [ -5.0000000000000000e-01, 5.0000000000000000e-01,
       0. ], [ 5.0000000000000000e-01, 5.0000000000000000e-01, 0. ], [
       5.0000000000000000e-01, -5.0000000000000000e-01, 0. ], [
       -5.0000000000000000e-01, -5.0000000000000000e-01, 0. ] ] }
   - { id:5, corners:[ [ 2.0123500823974609e+00, 1.3852122426033020e-01,
       3.1495493650436401e-01 ], [ 3.0112137794494629e+00,
       1.2930259108543396e-01, 2.6819989085197449e-01 ], [
       3.0018868446350098e+00, -8.7065172195434570e-01,
       2.6609915494918823e-01 ], [ 2.0030231475830078e+00,
       -8.6143302917480469e-01, 3.1285420060157776e-01 ] ] }
   - { id:6, corners:[ [ 4.9925498962402344e+00, 2.2081416845321655e-01,
       1.3194612264633179e+00 ], [ 5.8424863815307617e+00,
       2.3698690533638000e-01, 1.8460981845855713e+00 ], [
       5.8529787063598633e+00, -7.6286315917968750e-01,
       1.8598700761795044e+00 ], [ 5.0030422210693359e+00,
       -7.7903592586517334e-01, 1.3332331180572510e+00 ] ] }
   - { id:7, corners:[ [ 2.5569958686828613e+00, 1.0125127434730530e-01,
       1.1543066978454590e+01 ], [ 1.5744848251342773e+00,
       1.1975693702697754e-01, 1.1357785224914551e+01 ], [
       1.5564640760421753e+00, -8.8007140159606934e-01,
       1.1353484153747559e+01 ], [ 2.5389752388000488e+00,
       -8.9857709407806396e-01, 1.1538765907287598e+01 ] ] }
   - { id:8, corners:[ [ 6.2236821651458740e-01, 2.5003233551979065e-01,
       9.1019506454467773e+00 ], [ -1.3101719319820404e-01,
       2.3873686790466309e-01, 8.4444684982299805e+00 ], [
       -1.2638579308986664e-01, -7.6118195056915283e-01,
       8.4563398361206055e+00 ], [ 6.2699961662292480e-01,
       -7.4988645315170288e-01, 9.1138219833374023e+00 ] ] }
   - { id:21, corners:[ [ 2.0295250415802002e+00, 1.8494957685470581e-01,
       4.0187510848045349e-01 ], [ 3.0293345451354980e+00,
       1.9126284122467041e-01, 3.8340151309967041e-01 ], [
       3.0361177921295166e+00, -8.0838936567306519e-01,
       4.0888693928718567e-01 ], [ 2.0363082885742188e+00,
       -8.1470263004302979e-01, 4.2736053466796875e-01 ] ] }
