%YAML:1.0
---
aruco_bc_dict: ALL_DICTS
aruco_bc_nmarkers: 10
aruco_bc_mInfoType: 1
aruco_bc_markers:
   - { id:0, corners:[ [ 4.8329544067382812e-01, 4.5148767530918121e-02,
       1.5721275806427002e+00 ], [ 4.9035498499870300e-01,
       4.5203514397144318e-02, 1.6718780994415283e+00 ], [
       4.9203324317932129e-01, -5.4782383143901825e-02,
       1.6718142032623291e+00 ], [ 4.8497369885444641e-01,
       -5.4837130010128021e-02, 1.5720636844635010e+00 ] ] }
   - { id:1, corners:[ [ 4.6460425853729248e-01, 4.6499468386173248e-02,
       1.1616683006286621e+00 ], [ 4.7204899787902832e-01,
       4.6231247484683990e-02, 1.2613904476165771e+00 ], [
       4.7293752431869507e-01, -5.3764238953590393e-02,
       1.2610552310943604e+00 ], [ 4.6549278497695923e-01,
       -5.3496018052101135e-02, 1.1613330841064453e+00 ] ] }
   - { id:2, corners:[ [ 4.3276539444923401e-01, 1.4665260910987854e-01,
       8.0400007963180542e-01 ], [ 4.4079372286796570e-01,
       1.4623686671257019e-01, 9.0367639064788818e-01 ], [
       4.4030925631523132e-01, 4.6238750219345093e-02,
       9.0329831838607788e-01 ], [ 4.3228092789649963e-01,
       4.6654500067234039e-02, 8.0362200736999512e-01 ] ] }
   - { id:3, corners:[ [ 3.9515849947929382e-01, 3.4841603040695190e-01,
       3.9660325646400452e-01 ], [ 4.0400481224060059e-01,
       3.4800738096237183e-01, 4.9621036648750305e-01 ], [
       4.0459969639778137e-01, 2.4801021814346313e-01,
       4.9574729800224304e-01 ], [ 3.9575338363647461e-01,
       2.4841886758804321e-01, 3.9614018797874451e-01 ] ] }
   - { id:4, corners:[ [ 2.9976627230644226e-01, 5.1222424954175949e-02,
       -5.3180858492851257e-02 ], [ 3.0809304118156433e-01,
       5.0387937575578690e-02, 4.6468369662761688e-02 ], [
       3.0881616473197937e-01, -4.9605417996644974e-02,
       4.5570574700832367e-02 ], [ 3.0048939585685730e-01,
       -4.8770930618047714e-02, -5.4078653454780579e-02 ] ] }
   - { id:5, corners:[ [ -5.0000000745058060e-02, 5.0000000745058060e-02,
       0. ], [ 5.0000000745058060e-02, 5.0000000745058060e-02, 0. ], [
       5.0000000745058060e-02, -5.0000000745058060e-02, 0. ], [
       -5.0000000745058060e-02, -5.0000000745058060e-02, 0. ] ] }
   - { id:6, corners:[ [ -3.6410775780677795e-01, 1.8987901508808136e-01,
       2.6823794469237328e-02 ], [ -2.6416879892349243e-01,
       1.8928864598274231e-01, 2.3380264639854431e-02 ], [
       -2.6459357142448425e-01, 8.9404657483100891e-02,
       2.8177084401249886e-02 ], [ -3.6453253030776978e-01,
       8.9995026588439941e-02, 3.1620614230632782e-02 ] ] }
   - { id:7, corners:[ [ -7.2441899776458740e-01, 5.0852552056312561e-02,
       1.0871161706745625e-02 ], [ -6.2445825338363647e-01,
       5.1131241023540497e-02, 1.3658508658409119e-02 ], [
       -6.2415170669555664e-01, -4.8863351345062256e-02,
       1.2664197944104671e-02 ], [ -7.2411245107650757e-01,
       -4.9142040312290192e-02, 9.8768509924411774e-03 ] ] }
   - { id:8, corners:[ [ -1.0235469341278076e+00, 2.5214391946792603e-01,
       6.7902781069278717e-02 ], [ -9.2354840040206909e-01,
       2.5212177634239197e-01, 6.7359693348407745e-02 ], [
       -9.2356681823730469e-01, 1.5212410688400269e-01,
       6.8044371902942657e-02 ], [ -1.0235654115676880e+00,
       1.5214626491069794e-01, 6.8587459623813629e-02 ] ] }
   - { id:97, corners:[ [ -7.2542405128479004e-01,
       4.6612787991762161e-02, -4.3493686243891716e-03 ], [
       -6.4084821939468384e-01, 2.0774099975824356e-02,
       -5.1032204180955887e-02 ], [ -6.1953890323638916e-01,
       -4.3080415576696396e-02, 2.2917203605175018e-02 ], [
       -7.0411473512649536e-01, -1.7241727560758591e-02,
       6.9600038230419159e-02 ] ] }
