%YAML:1.0
---
image_width: 640
image_height: 480
camera_matrix: !!opencv-matrix
   rows: 3
   cols: 3
   dt: f
   data: [ 3.81361725e+02, 0., 3.20497131e+02, 0., 3.81363068e+02,
       2.40499298e+02, 0., 0., 1. ]
distortion_coefficients: !!opencv-matrix
   rows: 1
   cols: 5
   dt: f
   data: [ -3.20322136e-03, 5.29336836e-03, -4.00639197e-04,
       7.76521163e-04, -2.63417908e-03 ]
