%YAML:1.0
---
aruco_bc_dict: ALL_DICTS
aruco_bc_nmarkers: 10
aruco_bc_mInfoType: 1
aruco_bc_markers:
   - { id:0, corners:[ [ 7.9408016204833984e+00, 2.8250011801719666e-01,
       -2.3713223636150360e-01 ], [ 8.4407463073730469e+00,
       2.8708887100219727e-01, -2.3129217326641083e-01 ], [
       8.4453334808349609e+00, -2.1289004385471344e-01,
       -2.3115901648998260e-01 ], [ 7.9453887939453125e+00,
       -2.1747879683971405e-01, -2.3699907958507538e-01 ] ] }
   - { id:1, corners:[ [ 5.8827042579650879e+00, 2.7471515536308289e-01,
       -3.0414056777954102e-01 ], [ 6.3826966285705566e+00,
       2.7710759639739990e-01, -3.0274283885955811e-01 ], [
       6.3850817680358887e+00, -2.2287935018539429e-01,
       -3.0003327131271362e-01 ], [ 5.8850893974304199e+00,
       -2.2527182102203369e-01, -3.0143100023269653e-01 ] ] }
   - { id:2, corners:[ [ 4.0871586799621582e+00, 7.5912857055664062e-01,
       -3.0588066577911377e-01 ], [ 4.5871524810791016e+00,
       7.5996267795562744e-01, -3.0830556154251099e-01 ], [
       4.5880255699157715e+00, 2.6002824306488037e-01,
       -3.0025213956832886e-01 ], [ 4.0880317687988281e+00,
       2.5919416546821594e-01, -2.9782724380493164e-01 ] ] }
   - { id:3, corners:[ [ 2.0327639579772949e+00, 1.7530200481414795e+00,
       -3.0330321192741394e-01 ], [ 2.5327475070953369e+00,
       1.7543076276779175e+00, -3.0714634060859680e-01 ], [
       2.5340633392333984e+00, 1.2543230056762695e+00,
       -3.0345395207405090e-01 ], [ 2.0340797901153564e+00,
       1.2530354261398315e+00, -2.9961082339286804e-01 ] ] }
   - { id:4, corners:[ [ -2.5000000000000000e-01, 2.5000000000000000e-01,
       0. ], [ 2.5000000000000000e-01, 2.5000000000000000e-01, 0. ], [
       2.5000000000000000e-01, -2.5000000000000000e-01, 0. ], [
       -2.5000000000000000e-01, -2.5000000000000000e-01, 0. ] ] }
   - { id:5, corners:[ [ -1.4883248507976532e-01, 2.4437087774276733e-01,
       1.7474354505538940e+00 ], [ -1.0856974869966507e-01,
       2.4043320119380951e-01, 1.2490746974945068e+00 ], [
       -1.0038012266159058e-01, -2.5947844982147217e-01,
       1.2536863088607788e+00 ], [ -1.4064285159111023e-01,
       -2.5554078817367554e-01, 1.7520470619201660e+00 ] ] }
   - { id:6, corners:[ [ -9.7017973661422729e-02, 9.7288548946380615e-01,
       3.3307626247406006e+00 ], [ -6.8262562155723572e-02,
       9.6688938140869141e-01, 2.8316261768341064e+00 ], [
       -4.3332383036613464e-02, 4.6756663918495178e-01,
       2.8390605449676514e+00 ], [ -7.2087794542312622e-02,
       4.7356271743774414e-01, 3.3381969928741455e+00 ] ] }
   - { id:7, corners:[ [ -3.2553449273109436e-01, 2.8686326742172241e-01,
       5.1180462837219238e+00 ], [ -2.7249270677566528e-01,
       2.8352797031402588e-01, 4.6208786964416504e+00 ], [
       -2.7454987168312073e-01, -2.1645797789096832e-01,
       4.6240134239196777e+00 ], [ -3.2759165763854980e-01,
       -2.1312268078327179e-01, 5.1211810111999512e+00 ] ] }
   - { id:8, corners:[ [ -1.8628281354904175e-01, 1.3048164844512939e+00,
       6.6205339431762695e+00 ], [ -1.4424800872802734e-01,
       1.3015675544738770e+00, 6.1223144531250000e+00 ], [
       -1.3423287868499756e-01, 8.0168467760086060e-01,
       6.1264190673828125e+00 ], [ -1.7626768350601196e-01,
       8.0493354797363281e-01, 6.6246385574340820e+00 ] ] }
   - { id:97, corners:[ [ -4.0207773447036743e-01,
       2.6557624340057373e-01, 5.1190571784973145e+00 ], [
       -5.9731161594390869e-01, 1.3067136704921722e-01,
       4.6789612770080566e+00 ], [ -2.1421612799167633e-01,
       -1.8197107315063477e-01, 4.6048493385314941e+00 ], [
       -1.8982201814651489e-02, -4.7066207975149155e-02,
       5.0449452400207520e+00 ] ] }
